###########This is order0####################
0.855 0.855 
0.749 0.722 0.776 
0.711 0.694 0.568 0.87 
0.636 0.648 0.485 0.61 0.803 
0.586 0.586 0.439 0.585 0.496 0.826 
0.543 0.531 0.388 0.494 0.447 0.557 0.842 
0.484 0.495 0.363 0.508 0.417 0.425 0.419 0.762 
0.442 0.387 0.318 0.443 0.402 0.441 0.438 0.278 0.832 
0.416 0.368 0.329 0.471 0.37 0.401 0.341 0.308 0.343 0.809 
0.383 0.323 0.305 0.472 0.353 0.382 0.341 0.31 0.315 0.204 0.827 
###########This is order1####################
0.838 0.838 
0.794 0.751 0.838 
0.738 0.676 0.708 0.829 
0.656 0.571 0.65 0.611 0.794 
0.593 0.534 0.526 0.509 0.515 0.882 
0.56 0.447 0.497 0.525 0.486 0.56 0.847 
0.523 0.468 0.511 0.467 0.438 0.498 0.496 0.786 
0.449 0.429 0.469 0.425 0.393 0.399 0.415 0.328 0.734 
0.409 0.427 0.426 0.399 0.375 0.354 0.397 0.241 0.293 0.77 
0.377 0.343 0.374 0.396 0.344 0.347 0.397 0.246 0.158 0.318 0.844 
###########This is order2####################
0.871 0.871 
0.796 0.784 0.808 
0.761 0.715 0.682 0.886 
0.68 0.65 0.551 0.667 0.853 
0.617 0.595 0.542 0.587 0.516 0.844 
0.558 0.524 0.482 0.556 0.433 0.509 0.844 
0.528 0.526 0.384 0.477 0.467 0.491 0.514 0.834 
0.46 0.463 0.45 0.456 0.354 0.398 0.416 0.362 0.779 
0.432 0.434 0.42 0.461 0.356 0.363 0.394 0.328 0.254 0.875 
0.4 0.432 0.439 0.404 0.376 0.389 0.39 0.27 0.213 0.314 0.775 
###########This is order3####################
0.668 0.668 
0.678 0.609 0.747 
0.648 0.589 0.59 0.766 
0.593 0.515 0.547 0.543 0.766 
0.569 0.419 0.579 0.552 0.507 0.788 
0.528 0.368 0.539 0.504 0.474 0.471 0.813 
0.477 0.352 0.501 0.444 0.363 0.452 0.48 0.749 
0.405 0.272 0.449 0.414 0.354 0.435 0.424 0.253 0.641 
0.394 0.276 0.48 0.44 0.356 0.365 0.422 0.252 0.296 0.655 
0.394 0.312 0.458 0.403 0.331 0.392 0.419 0.294 0.285 0.301 0.747 
###########This is order4####################
0.843 0.843 
0.746 0.7 0.793 
0.683 0.63 0.614 0.806 
0.592 0.505 0.484 0.555 0.822 
0.539 0.444 0.44 0.486 0.476 0.848 
0.55 0.493 0.437 0.494 0.49 0.545 0.844 
0.481 0.42 0.391 0.445 0.458 0.459 0.353 0.838 
0.442 0.405 0.348 0.444 0.421 0.386 0.381 0.344 0.806 
0.398 0.397 0.362 0.413 0.393 0.406 0.313 0.24 0.261 0.797 
0.387 0.402 0.355 0.402 0.401 0.38 0.323 0.211 0.292 0.241 0.867 
