###########This is order0####################
0.747 0.743 0.691 0.79 0.721 0.792 
0.6 0.545 0.458 0.547 0.53 0.626 0.891 
0.511 0.455 0.422 0.546 0.487 0.443 0.399 0.828 
0.456 0.359 0.345 0.438 0.453 0.495 0.435 0.248 0.871 
0.409 0.337 0.334 0.471 0.382 0.431 0.338 0.274 0.26 0.854 
0.363 0.282 0.296 0.426 0.364 0.416 0.33 0.292 0.243 0.117 0.867 
###########This is order1####################
0.762 0.755 0.74 0.78 0.731 0.805 
0.606 0.452 0.502 0.632 0.561 0.598 0.893 
0.547 0.493 0.524 0.488 0.472 0.552 0.466 0.836 
0.461 0.428 0.447 0.466 0.429 0.461 0.38 0.303 0.777 
0.4 0.423 0.396 0.41 0.381 0.372 0.319 0.225 0.226 0.85 
0.367 0.331 0.375 0.428 0.358 0.359 0.334 0.184 0.148 0.286 0.87 
###########This is order2####################
0.777 0.783 0.731 0.817 0.785 0.77 
0.615 0.539 0.526 0.637 0.508 0.602 0.877 
0.538 0.516 0.365 0.505 0.541 0.556 0.414 0.867 
0.445 0.476 0.458 0.491 0.318 0.406 0.319 0.289 0.804 
0.415 0.424 0.397 0.508 0.378 0.369 0.307 0.267 0.193 0.894 
0.376 0.421 0.421 0.346 0.405 0.387 0.311 0.23 0.189 0.254 0.792 
###########This is order3####################
0.742 0.682 0.708 0.74 0.783 0.795 
0.614 0.412 0.62 0.607 0.642 0.555 0.849 
0.542 0.38 0.535 0.558 0.459 0.553 0.496 0.811 
0.461 0.29 0.482 0.481 0.44 0.576 0.458 0.264 0.694 
0.42 0.292 0.516 0.497 0.463 0.399 0.422 0.236 0.237 0.715 
0.412 0.364 0.469 0.426 0.395 0.411 0.43 0.304 0.256 0.266 0.797 
###########This is order4####################
0.726 0.723 0.698 0.743 0.722 0.746 
0.617 0.556 0.523 0.561 0.591 0.589 0.884 
0.516 0.448 0.473 0.49 0.535 0.486 0.314 0.868 
0.45 0.432 0.375 0.488 0.489 0.405 0.299 0.293 0.818 
0.411 0.427 0.376 0.447 0.457 0.427 0.291 0.205 0.227 0.846 
0.379 0.408 0.368 0.432 0.448 0.426 0.266 0.168 0.221 0.172 0.884 
