###########This is order0####################
0.748 0.747 0.688 0.794 0.723 0.79 
0.698 0.687 0.626 0.735 0.678 0.74 0.724 
0.64 0.618 0.586 0.704 0.644 0.653 0.643 0.629 
0.597 0.556 0.55 0.652 0.597 0.634 0.613 0.544 0.627 
0.563 0.523 0.502 0.619 0.561 0.593 0.582 0.491 0.562 0.637 
0.53 0.477 0.463 0.585 0.542 0.563 0.558 0.469 0.519 0.539 0.589 
###########This is order1####################
0.763 0.758 0.744 0.783 0.731 0.797 
0.711 0.688 0.688 0.754 0.673 0.74 0.721 
0.659 0.674 0.656 0.688 0.606 0.684 0.652 0.654 
0.6 0.606 0.623 0.643 0.568 0.613 0.586 0.589 0.571 
0.566 0.578 0.567 0.588 0.568 0.547 0.573 0.551 0.541 0.578 
0.528 0.533 0.514 0.564 0.515 0.501 0.552 0.515 0.462 0.526 0.594 
###########This is order2####################
0.777 0.78 0.73 0.825 0.774 0.778 
0.712 0.716 0.672 0.778 0.709 0.724 0.674 
0.657 0.67 0.589 0.716 0.648 0.697 0.657 0.619 
0.601 0.645 0.567 0.67 0.578 0.625 0.591 0.561 0.568 
0.562 0.591 0.534 0.627 0.519 0.587 0.559 0.53 0.473 0.638 
0.526 0.558 0.511 0.582 0.516 0.552 0.55 0.471 0.423 0.57 0.523 
###########This is order3####################
0.741 0.687 0.713 0.741 0.776 0.786 
0.69 0.624 0.667 0.689 0.728 0.713 0.72 
0.639 0.59 0.64 0.656 0.621 0.671 0.663 0.635 
0.578 0.535 0.604 0.614 0.599 0.656 0.632 0.489 0.493 
0.537 0.474 0.596 0.57 0.576 0.605 0.608 0.476 0.42 0.508 
0.526 0.471 0.577 0.539 0.534 0.57 0.586 0.474 0.406 0.462 0.646 
###########This is order4####################
0.726 0.736 0.691 0.735 0.714 0.753 
0.687 0.682 0.644 0.69 0.686 0.725 0.695 
0.633 0.62 0.608 0.637 0.638 0.666 0.62 0.644 
0.588 0.592 0.558 0.592 0.6 0.614 0.563 0.574 0.614 
0.558 0.576 0.532 0.576 0.585 0.606 0.556 0.544 0.493 0.555 
0.528 0.539 0.492 0.565 0.568 0.571 0.526 0.486 0.448 0.494 0.593 
