###########This is order0####################
0.85 0.85 
0.748 0.745 0.752 
0.721 0.733 0.639 0.791 
0.662 0.711 0.559 0.687 0.693 
0.629 0.674 0.538 0.644 0.596 0.693 
0.598 0.626 0.512 0.592 0.527 0.638 0.695 
0.554 0.595 0.446 0.577 0.502 0.558 0.617 0.582 
0.528 0.539 0.411 0.555 0.471 0.53 0.587 0.487 0.643 
0.494 0.493 0.384 0.527 0.443 0.519 0.537 0.457 0.536 0.548 
0.474 0.44 0.374 0.504 0.419 0.487 0.536 0.442 0.537 0.487 0.517 
###########This is order1####################
0.834 0.834 
0.794 0.777 0.81 
0.753 0.741 0.762 0.755 
0.689 0.648 0.727 0.668 0.713 
0.645 0.632 0.614 0.603 0.593 0.784 
0.617 0.579 0.603 0.583 0.529 0.695 0.715 
0.58 0.551 0.578 0.525 0.503 0.617 0.643 0.645 
0.534 0.498 0.541 0.508 0.465 0.57 0.579 0.552 0.561 
0.501 0.48 0.516 0.459 0.452 0.489 0.573 0.497 0.52 0.522 
0.475 0.437 0.477 0.434 0.43 0.463 0.542 0.478 0.439 0.497 0.555 
###########This is order2####################
0.867 0.867 
0.8 0.804 0.796 
0.772 0.765 0.737 0.815 
0.714 0.755 0.641 0.712 0.748 
0.665 0.706 0.625 0.647 0.628 0.719 
0.624 0.644 0.567 0.632 0.538 0.667 0.693 
0.585 0.603 0.512 0.568 0.505 0.6 0.649 0.66 
0.535 0.581 0.499 0.533 0.455 0.526 0.609 0.568 0.509 
0.512 0.547 0.48 0.523 0.411 0.497 0.584 0.524 0.428 0.618 
0.484 0.526 0.455 0.49 0.386 0.482 0.565 0.475 0.4 0.594 0.464 
###########This is order3####################
0.655 0.655 
0.676 0.625 0.726 
0.663 0.645 0.652 0.693 
0.612 0.604 0.622 0.59 0.631 
0.593 0.549 0.592 0.58 0.558 0.684 
0.559 0.5 0.582 0.542 0.523 0.568 0.639 
0.532 0.475 0.548 0.514 0.459 0.537 0.588 0.606 
0.487 0.418 0.525 0.498 0.445 0.491 0.561 0.478 0.478 
0.462 0.372 0.514 0.475 0.429 0.456 0.53 0.444 0.432 0.502 
0.46 0.378 0.504 0.457 0.4 0.463 0.515 0.439 0.396 0.456 0.593 
###########This is order4####################
0.845 0.845 
0.748 0.732 0.764 
0.691 0.679 0.67 0.725 
0.627 0.604 0.559 0.611 0.735 
0.589 0.549 0.511 0.546 0.597 0.741 
0.582 0.549 0.49 0.536 0.56 0.686 0.672 
0.538 0.489 0.457 0.504 0.525 0.608 0.586 0.594 
0.512 0.46 0.422 0.492 0.494 0.562 0.544 0.528 0.592 
0.487 0.449 0.398 0.47 0.464 0.544 0.522 0.486 0.516 0.532 
0.469 0.43 0.391 0.455 0.453 0.528 0.504 0.444 0.469 0.482 0.533 
