###########This is order0####################
0.855 0.855 
0.71 0.643 0.776 
0.648 0.573 0.478 0.894 
0.572 0.525 0.428 0.521 0.816 
0.521 0.484 0.363 0.515 0.42 0.824 
0.465 0.407 0.309 0.419 0.388 0.395 0.872 
0.419 0.377 0.277 0.444 0.4 0.321 0.322 0.794 
0.373 0.299 0.251 0.394 0.362 0.332 0.316 0.19 0.842 
0.332 0.269 0.273 0.439 0.296 0.239 0.236 0.19 0.246 0.804 
0.295 0.223 0.245 0.427 0.278 0.225 0.236 0.186 0.216 0.08 0.835 
###########This is order1####################
0.838 0.838 
0.755 0.655 0.855 
0.685 0.588 0.626 0.84 
0.59 0.476 0.55 0.528 0.805 
0.523 0.448 0.41 0.443 0.419 0.897 
0.486 0.32 0.372 0.472 0.422 0.452 0.881 
0.451 0.385 0.414 0.364 0.386 0.412 0.383 0.813 
0.368 0.344 0.342 0.357 0.322 0.301 0.298 0.241 0.742 
0.326 0.317 0.321 0.362 0.288 0.239 0.248 0.167 0.173 0.822 
0.295 0.266 0.282 0.329 0.254 0.249 0.276 0.143 0.107 0.203 0.84 
###########This is order2####################
0.871 0.871 
0.776 0.722 0.83 
0.7 0.612 0.608 0.88 
0.624 0.575 0.451 0.608 0.86 
0.561 0.525 0.49 0.552 0.401 0.836 
0.486 0.431 0.383 0.484 0.332 0.42 0.868 
0.457 0.428 0.309 0.436 0.397 0.405 0.388 0.836 
0.375 0.374 0.4 0.398 0.236 0.273 0.289 0.258 0.771 
0.347 0.362 0.349 0.399 0.283 0.247 0.234 0.218 0.157 0.874 
0.325 0.342 0.372 0.326 0.326 0.305 0.268 0.194 0.141 0.189 0.788 
###########This is order3####################
0.668 0.668 
0.653 0.555 0.751 
0.594 0.502 0.49 0.791 
0.543 0.432 0.472 0.467 0.801 
0.509 0.35 0.516 0.463 0.436 0.778 
0.455 0.27 0.45 0.426 0.405 0.361 0.82 
0.421 0.28 0.414 0.389 0.331 0.363 0.423 0.746 
0.349 0.219 0.371 0.34 0.313 0.36 0.353 0.169 0.668 
0.317 0.222 0.361 0.353 0.289 0.259 0.33 0.173 0.197 0.667 
0.308 0.222 0.355 0.313 0.269 0.261 0.303 0.179 0.171 0.245 0.76 
###########This is order4####################
0.843 0.843 
0.713 0.615 0.811 
0.63 0.507 0.561 0.821 
0.518 0.39 0.39 0.452 0.841 
0.467 0.313 0.369 0.379 0.39 0.885 
0.484 0.377 0.367 0.386 0.447 0.464 0.861 
0.407 0.302 0.351 0.373 0.408 0.365 0.204 0.846 
0.373 0.314 0.288 0.411 0.39 0.284 0.233 0.251 0.81 
0.332 0.322 0.305 0.367 0.348 0.306 0.195 0.161 0.163 0.825 
0.314 0.301 0.284 0.322 0.368 0.313 0.22 0.112 0.176 0.163 0.885 
