###########This is order0####################
0.85 0.85 
0.73 0.704 0.755 
0.693 0.671 0.605 0.803 
0.636 0.643 0.564 0.671 0.665 
0.599 0.608 0.513 0.653 0.557 0.666 
0.573 0.561 0.477 0.601 0.503 0.591 0.704 
0.529 0.52 0.439 0.584 0.478 0.495 0.585 0.599 
0.497 0.451 0.4 0.54 0.467 0.473 0.548 0.472 0.624 
0.472 0.414 0.366 0.525 0.429 0.431 0.506 0.442 0.551 0.585 
0.45 0.367 0.357 0.513 0.408 0.4 0.483 0.409 0.509 0.515 0.537 
###########This is order1####################
0.834 0.834 
0.768 0.72 0.815 
0.725 0.692 0.744 0.74 
0.653 0.615 0.673 0.631 0.694 
0.609 0.57 0.552 0.568 0.577 0.778 
0.584 0.511 0.506 0.551 0.542 0.678 0.715 
0.549 0.497 0.485 0.492 0.508 0.603 0.623 0.632 
0.501 0.461 0.445 0.461 0.461 0.562 0.528 0.527 0.562 
0.479 0.434 0.424 0.431 0.459 0.485 0.52 0.493 0.497 0.571 
0.443 0.39 0.391 0.398 0.429 0.445 0.475 0.449 0.399 0.512 0.545 
###########This is order2####################
0.864 0.864 
0.786 0.762 0.811 
0.746 0.713 0.73 0.794 
0.685 0.688 0.606 0.699 0.748 
0.656 0.677 0.613 0.675 0.618 0.696 
0.608 0.594 0.56 0.634 0.527 0.637 0.698 
0.563 0.535 0.497 0.562 0.484 0.575 0.644 0.641 
0.514 0.521 0.473 0.532 0.421 0.498 0.595 0.534 0.539 
0.487 0.472 0.443 0.495 0.372 0.465 0.569 0.513 0.436 0.616 
0.465 0.453 0.426 0.466 0.36 0.461 0.544 0.473 0.373 0.577 0.521 
###########This is order3####################
0.656 0.656 
0.666 0.603 0.728 
0.627 0.575 0.602 0.705 
0.589 0.578 0.566 0.583 0.629 
0.57 0.507 0.565 0.543 0.561 0.675 
0.546 0.481 0.519 0.519 0.536 0.58 0.64 
0.51 0.458 0.504 0.473 0.481 0.536 0.564 0.556 
0.464 0.398 0.473 0.426 0.453 0.492 0.533 0.451 0.482 
0.43 0.352 0.457 0.416 0.407 0.433 0.505 0.397 0.412 0.493 
0.431 0.353 0.449 0.403 0.406 0.426 0.492 0.389 0.362 0.438 0.589 
###########This is order4####################
0.847 0.847 
0.726 0.683 0.769 
0.674 0.626 0.661 0.735 
0.599 0.534 0.529 0.586 0.747 
0.552 0.47 0.473 0.502 0.575 0.741 
0.552 0.48 0.444 0.489 0.566 0.685 0.651 
0.516 0.425 0.433 0.466 0.521 0.616 0.54 0.612 
0.49 0.412 0.379 0.461 0.486 0.552 0.495 0.538 0.596 
0.462 0.396 0.351 0.427 0.463 0.537 0.475 0.491 0.485 0.53 
0.447 0.391 0.347 0.411 0.444 0.517 0.465 0.449 0.442 0.478 0.526 
