###########This is order0####################
0.75 0.748 0.69 0.796 0.721 0.793 
0.704 0.696 0.633 0.747 0.669 0.759 0.717 
0.645 0.647 0.584 0.711 0.64 0.67 0.653 0.612 
0.604 0.585 0.547 0.668 0.604 0.64 0.62 0.547 0.62 
0.569 0.537 0.506 0.634 0.558 0.621 0.576 0.497 0.571 0.624 
0.54 0.499 0.484 0.613 0.531 0.597 0.56 0.471 0.552 0.538 0.555 
###########This is order1####################
0.762 0.756 0.744 0.785 0.73 0.797 
0.709 0.701 0.688 0.749 0.68 0.743 0.695 
0.667 0.677 0.663 0.69 0.629 0.709 0.652 0.649 
0.611 0.625 0.605 0.649 0.588 0.651 0.62 0.583 0.566 
0.574 0.611 0.558 0.602 0.569 0.579 0.579 0.553 0.538 0.581 
0.54 0.541 0.52 0.578 0.531 0.543 0.571 0.526 0.481 0.534 0.576 
###########This is order2####################
0.777 0.783 0.73 0.823 0.773 0.778 
0.722 0.724 0.675 0.788 0.7 0.751 0.695 
0.666 0.672 0.608 0.721 0.658 0.713 0.667 0.626 
0.604 0.636 0.583 0.659 0.592 0.645 0.617 0.553 0.546 
0.569 0.587 0.556 0.623 0.55 0.597 0.576 0.53 0.482 0.617 
0.539 0.568 0.545 0.605 0.523 0.575 0.564 0.482 0.419 0.58 0.525 
###########This is order3####################
0.74 0.685 0.712 0.741 0.776 0.785 
0.7 0.626 0.689 0.706 0.72 0.73 0.727 
0.648 0.58 0.655 0.665 0.648 0.696 0.671 0.62 
0.59 0.532 0.627 0.649 0.609 0.674 0.643 0.473 0.51 
0.561 0.498 0.614 0.641 0.593 0.623 0.626 0.463 0.466 0.522 
0.542 0.499 0.601 0.585 0.555 0.592 0.608 0.466 0.451 0.453 0.612 
###########This is order4####################
0.726 0.733 0.694 0.731 0.721 0.751 
0.689 0.683 0.647 0.692 0.673 0.718 0.72 
0.639 0.619 0.601 0.657 0.637 0.663 0.637 0.661 
0.595 0.585 0.551 0.607 0.603 0.616 0.607 0.596 0.595 
0.563 0.576 0.535 0.585 0.584 0.592 0.569 0.541 0.517 0.567 
0.54 0.54 0.532 0.567 0.555 0.563 0.534 0.508 0.494 0.516 0.586 
