###########This is order0####################
0.747 0.743 0.691 0.79 0.721 0.792 
0.649 0.607 0.525 0.623 0.577 0.689 0.875 
0.572 0.548 0.482 0.615 0.543 0.529 0.471 0.813 
0.523 0.443 0.42 0.549 0.52 0.55 0.52 0.342 0.841 
0.479 0.416 0.413 0.542 0.449 0.513 0.414 0.35 0.379 0.833 
0.434 0.344 0.387 0.512 0.427 0.507 0.403 0.331 0.377 0.206 0.842 
###########This is order1####################
0.762 0.755 0.74 0.78 0.731 0.805 
0.656 0.531 0.573 0.675 0.614 0.67 0.874 
0.607 0.566 0.572 0.579 0.526 0.634 0.567 0.808 
0.527 0.495 0.516 0.532 0.489 0.548 0.485 0.394 0.76 
0.48 0.497 0.461 0.5 0.438 0.472 0.447 0.341 0.32 0.848 
0.441 0.41 0.438 0.512 0.414 0.438 0.445 0.313 0.229 0.373 0.837 
###########This is order2####################
0.777 0.783 0.731 0.817 0.785 0.77 
0.668 0.618 0.573 0.708 0.582 0.667 0.858 
0.607 0.584 0.462 0.565 0.603 0.638 0.542 0.852 
0.522 0.536 0.515 0.56 0.45 0.503 0.45 0.39 0.774 
0.49 0.493 0.482 0.545 0.472 0.476 0.411 0.365 0.297 0.867 
0.449 0.486 0.487 0.424 0.458 0.488 0.402 0.333 0.262 0.346 0.804 
###########This is order3####################
0.742 0.682 0.708 0.74 0.783 0.795 
0.661 0.49 0.652 0.665 0.679 0.62 0.859 
0.599 0.452 0.588 0.611 0.541 0.627 0.601 0.776 
0.53 0.38 0.549 0.581 0.533 0.641 0.541 0.33 0.689 
0.484 0.367 0.574 0.578 0.515 0.487 0.513 0.328 0.314 0.681 
0.473 0.416 0.539 0.506 0.47 0.49 0.514 0.367 0.339 0.324 0.763 
###########This is order4####################
0.726 0.723 0.698 0.743 0.722 0.746 
0.654 0.602 0.576 0.63 0.62 0.624 0.873 
0.569 0.512 0.516 0.55 0.574 0.539 0.439 0.854 
0.513 0.491 0.441 0.533 0.535 0.478 0.427 0.399 0.799 
0.474 0.5 0.437 0.496 0.514 0.499 0.396 0.289 0.313 0.818 
0.448 0.462 0.449 0.491 0.498 0.482 0.37 0.259 0.345 0.262 0.867 
