###########This is order0####################
0.803 0.772 0.844 0.688 0.86 0.852 
0.719 0.69 0.768 0.552 0.776 0.79 0.736 
0.693 0.652 0.712 0.5 0.704 0.77 0.686 0.83 
0.658 0.59 0.662 0.436 0.67 0.706 0.656 0.774 0.774 
0.622 0.532 0.62 0.342 0.632 0.674 0.63 0.762 0.702 0.706 
0.608 0.516 0.606 0.324 0.62 0.642 0.602 0.732 0.656 0.628 0.758 
###########This is order1####################
0.813 0.758 0.846 0.784 0.832 0.844 
0.751 0.682 0.76 0.724 0.76 0.798 0.78 
0.708 0.59 0.7 0.68 0.708 0.782 0.744 0.752 
0.678 0.544 0.658 0.638 0.688 0.712 0.706 0.686 0.792 
0.64 0.512 0.61 0.584 0.616 0.688 0.666 0.632 0.682 0.768 
0.622 0.494 0.586 0.528 0.554 0.66 0.664 0.606 0.652 0.708 0.77 
###########This is order2####################
0.792 0.84 0.852 0.764 0.822 0.682 
0.743 0.818 0.816 0.71 0.768 0.58 0.764 
0.698 0.782 0.78 0.678 0.662 0.528 0.73 0.726 
0.676 0.738 0.766 0.642 0.636 0.508 0.674 0.696 0.744 
0.638 0.7 0.714 0.6 0.596 0.452 0.642 0.65 0.67 0.72 
0.617 0.674 0.664 0.538 0.556 0.412 0.612 0.61 0.64 0.678 0.79 
###########This is order3####################
0.845 0.868 0.856 0.836 0.858 0.806 
0.758 0.78 0.788 0.754 0.732 0.742 0.752 
0.701 0.748 0.718 0.716 0.68 0.668 0.684 0.692 
0.695 0.716 0.688 0.684 0.658 0.638 0.674 0.642 0.862 
0.663 0.696 0.662 0.654 0.618 0.598 0.622 0.594 0.84 0.682 
0.629 0.656 0.626 0.616 0.57 0.546 0.624 0.564 0.838 0.628 0.626 
###########This is order4####################
0.808 0.828 0.82 0.742 0.798 0.85 
0.763 0.78 0.788 0.662 0.728 0.816 0.804 
0.72 0.736 0.708 0.62 0.682 0.778 0.766 0.752 
0.681 0.71 0.674 0.532 0.652 0.738 0.728 0.672 0.742 
0.649 0.672 0.65 0.498 0.606 0.666 0.738 0.6 0.682 0.726 
0.618 0.608 0.616 0.484 0.582 0.606 0.708 0.558 0.608 0.686 0.728 
