###########This is order0####################
0.836 0.836 
0.802 0.728 0.876 
0.696 0.618 0.776 0.694 
0.674 0.622 0.732 0.506 0.838 
0.655 0.572 0.696 0.46 0.766 0.78 
0.622 0.556 0.614 0.416 0.67 0.72 0.754 
0.613 0.504 0.568 0.396 0.63 0.7 0.69 0.8 
0.59 0.484 0.546 0.362 0.608 0.634 0.602 0.76 0.728 
0.567 0.462 0.552 0.298 0.554 0.58 0.558 0.712 0.678 0.708 
0.557 0.434 0.532 0.276 0.556 0.556 0.528 0.672 0.636 0.64 0.744 
###########This is order1####################
0.788 0.788 
0.776 0.71 0.842 
0.723 0.632 0.76 0.776 
0.688 0.536 0.706 0.704 0.804 
0.675 0.548 0.682 0.676 0.662 0.808 
0.641 0.5 0.61 0.64 0.602 0.762 0.732 
0.609 0.454 0.586 0.566 0.568 0.708 0.658 0.726 
0.594 0.436 0.546 0.53 0.524 0.644 0.622 0.654 0.798 
0.566 0.38 0.522 0.5 0.514 0.63 0.56 0.604 0.67 0.712 
0.544 0.364 0.492 0.44 0.454 0.578 0.536 0.576 0.626 0.648 0.724 
###########This is order2####################
0.874 0.874 
0.838 0.824 0.852 
0.774 0.804 0.806 0.712 
0.718 0.738 0.75 0.636 0.748 
0.656 0.682 0.732 0.612 0.61 0.644 
0.631 0.646 0.712 0.554 0.578 0.544 0.752 
0.598 0.658 0.664 0.538 0.498 0.434 0.656 0.74 
0.583 0.644 0.63 0.5 0.442 0.42 0.614 0.66 0.752 
0.552 0.592 0.592 0.48 0.382 0.372 0.59 0.596 0.64 0.728 
0.534 0.548 0.57 0.41 0.352 0.356 0.54 0.552 0.606 0.66 0.748 
###########This is order3####################
0.874 0.874 
0.861 0.836 0.886 
0.8 0.814 0.802 0.784 
0.771 0.734 0.792 0.754 0.804 
0.714 0.68 0.718 0.708 0.726 0.74 
0.65 0.628 0.694 0.612 0.578 0.638 0.748 
0.619 0.62 0.632 0.586 0.538 0.61 0.658 0.69 
0.614 0.602 0.584 0.564 0.524 0.558 0.642 0.594 0.848 
0.58 0.568 0.55 0.53 0.482 0.484 0.6 0.53 0.812 0.668 
0.556 0.522 0.496 0.512 0.47 0.47 0.552 0.48 0.81 0.584 0.66 
###########This is order4####################
0.84 0.84 
0.824 0.782 0.866 
0.753 0.746 0.782 0.73 
0.687 0.692 0.736 0.638 0.682 
0.676 0.678 0.708 0.568 0.648 0.78 
0.669 0.674 0.688 0.558 0.596 0.696 0.804 
0.627 0.632 0.64 0.508 0.52 0.66 0.712 0.716 
0.601 0.608 0.592 0.472 0.476 0.578 0.674 0.65 0.756 
0.584 0.592 0.572 0.428 0.464 0.53 0.676 0.586 0.652 0.752 
0.562 0.54 0.536 0.398 0.45 0.478 0.654 0.544 0.594 0.686 0.742 
