###########This is order0####################
0.834 0.834 
0.806 0.748 0.864 
0.73 0.668 0.812 0.71 
0.693 0.678 0.754 0.55 0.79 
0.673 0.622 0.712 0.508 0.738 0.784 
0.652 0.61 0.67 0.464 0.676 0.728 0.762 
0.637 0.566 0.626 0.416 0.644 0.704 0.688 0.814 
0.616 0.56 0.598 0.344 0.622 0.624 0.638 0.788 0.758 
0.582 0.49 0.578 0.3 0.594 0.578 0.554 0.702 0.704 0.734 
0.564 0.492 0.562 0.288 0.558 0.562 0.51 0.664 0.658 0.616 0.732 
###########This is order1####################
0.788 0.788 
0.79 0.746 0.834 
0.757 0.672 0.8 0.798 
0.703 0.598 0.718 0.702 0.794 
0.686 0.578 0.706 0.67 0.68 0.794 
0.656 0.556 0.628 0.622 0.608 0.752 0.768 
0.626 0.49 0.604 0.556 0.566 0.702 0.688 0.778 
0.615 0.45 0.574 0.558 0.53 0.646 0.66 0.682 0.818 
0.586 0.452 0.558 0.494 0.48 0.618 0.612 0.626 0.674 0.756 
0.567 0.43 0.51 0.432 0.442 0.574 0.574 0.58 0.642 0.686 0.798 
###########This is order2####################
0.874 0.874 
0.852 0.85 0.854 
0.785 0.822 0.808 0.726 
0.746 0.768 0.768 0.662 0.784 
0.671 0.718 0.75 0.58 0.652 0.656 
0.641 0.676 0.738 0.522 0.6 0.546 0.762 
0.614 0.678 0.728 0.528 0.512 0.44 0.688 0.722 
0.606 0.66 0.7 0.504 0.478 0.404 0.638 0.686 0.78 
0.585 0.638 0.668 0.484 0.42 0.362 0.592 0.662 0.672 0.766 
0.559 0.608 0.632 0.43 0.39 0.34 0.528 0.596 0.626 0.668 0.768 
###########This is order3####################
0.876 0.876 
0.865 0.866 0.864 
0.821 0.842 0.814 0.806 
0.794 0.786 0.808 0.77 0.812 
0.741 0.734 0.758 0.732 0.742 0.74 
0.674 0.704 0.728 0.646 0.576 0.65 0.742 
0.634 0.66 0.698 0.61 0.588 0.578 0.638 0.666 
0.635 0.634 0.664 0.598 0.548 0.544 0.62 0.61 0.864 
0.615 0.616 0.63 0.594 0.504 0.488 0.59 0.572 0.838 0.706 
0.588 0.574 0.598 0.568 0.486 0.46 0.548 0.524 0.822 0.638 0.658 
###########This is order4####################
0.842 0.842 
0.84 0.8 0.88 
0.771 0.77 0.8 0.742 
0.72 0.74 0.77 0.658 0.71 
0.705 0.734 0.74 0.608 0.672 0.77 
0.696 0.704 0.718 0.568 0.644 0.722 0.818 
0.642 0.656 0.66 0.516 0.552 0.668 0.732 0.712 
0.624 0.652 0.63 0.472 0.51 0.636 0.694 0.658 0.744 
0.601 0.644 0.632 0.418 0.478 0.57 0.678 0.6 0.658 0.732 
0.573 0.576 0.596 0.406 0.47 0.516 0.65 0.56 0.544 0.664 0.752 