###########This is order0####################
0.826 0.826 
0.777 0.658 0.896 
0.647 0.48 0.67 0.792 
0.612 0.52 0.638 0.36 0.928 
0.558 0.414 0.562 0.334 0.578 0.904 
0.532 0.428 0.518 0.32 0.49 0.54 0.896 
0.486 0.364 0.442 0.268 0.478 0.504 0.414 0.93 
0.46 0.368 0.4 0.188 0.518 0.402 0.382 0.518 0.9 
0.418 0.332 0.406 0.198 0.448 0.394 0.312 0.41 0.406 0.854 
0.399 0.316 0.42 0.208 0.418 0.424 0.322 0.442 0.34 0.208 0.894 
###########This is order1####################
0.786 0.786 
0.772 0.642 0.902 
0.684 0.526 0.654 0.872 
0.604 0.434 0.55 0.544 0.89 
0.593 0.43 0.582 0.512 0.528 0.912 
0.529 0.404 0.406 0.452 0.402 0.604 0.908 
0.482 0.332 0.412 0.34 0.414 0.566 0.436 0.876 
0.468 0.316 0.412 0.394 0.388 0.468 0.428 0.422 0.912 
0.419 0.248 0.402 0.306 0.328 0.484 0.436 0.344 0.334 0.888 
0.382 0.26 0.354 0.226 0.246 0.382 0.374 0.4 0.37 0.288 0.924 
###########This is order2####################
0.886 0.886 
0.832 0.774 0.89 
0.742 0.698 0.7 0.828 
0.664 0.588 0.636 0.542 0.888 
0.551 0.512 0.598 0.436 0.454 0.754 
0.521 0.508 0.578 0.368 0.462 0.334 0.878 
0.494 0.52 0.564 0.43 0.364 0.248 0.402 0.928 
0.452 0.478 0.518 0.328 0.38 0.266 0.352 0.422 0.868 
0.396 0.408 0.458 0.34 0.226 0.218 0.332 0.376 0.29 0.914 
0.376 0.38 0.434 0.236 0.292 0.218 0.314 0.366 0.31 0.264 0.946 
###########This is order3####################
0.886 0.886 
0.849 0.804 0.894 
0.758 0.716 0.646 0.912 
0.715 0.628 0.662 0.666 0.904 
0.621 0.546 0.568 0.544 0.58 0.868 
0.521 0.484 0.546 0.464 0.324 0.38 0.928 
0.506 0.454 0.518 0.45 0.514 0.366 0.42 0.822 
0.485 0.45 0.42 0.488 0.45 0.322 0.404 0.378 0.97 
0.443 0.418 0.438 0.4 0.37 0.266 0.394 0.304 0.524 0.874 
0.412 0.382 0.432 0.396 0.406 0.286 0.306 0.288 0.554 0.256 0.816 
###########This is order4####################
0.844 0.844 
0.814 0.726 0.902 
0.724 0.68 0.662 0.83 
0.634 0.672 0.612 0.432 0.822 
0.606 0.628 0.566 0.398 0.54 0.9 
0.598 0.586 0.576 0.442 0.522 0.526 0.934 
0.507 0.544 0.454 0.368 0.368 0.498 0.418 0.896 
0.451 0.49 0.386 0.276 0.362 0.42 0.43 0.354 0.892 
0.441 0.536 0.398 0.244 0.336 0.41 0.506 0.348 0.302 0.89 
0.393 0.414 0.382 0.232 0.292 0.308 0.47 0.37 0.246 0.294 0.918 