###########This is order0####################
0.803 0.77 0.842 0.692 0.858 0.852 
0.727 0.712 0.77 0.594 0.78 0.78 0.726 
0.709 0.662 0.732 0.524 0.75 0.76 0.714 0.824 
0.668 0.598 0.684 0.444 0.702 0.706 0.678 0.778 0.754 
0.637 0.562 0.672 0.386 0.652 0.678 0.638 0.734 0.68 0.73 
0.617 0.554 0.652 0.372 0.648 0.648 0.604 0.682 0.64 0.616 0.758 
###########This is order1####################
0.814 0.758 0.846 0.782 0.84 0.842 
0.76 0.702 0.778 0.738 0.766 0.794 0.782 
0.714 0.612 0.73 0.66 0.706 0.792 0.726 0.772 
0.681 0.576 0.666 0.642 0.664 0.724 0.684 0.694 0.8 
0.648 0.53 0.622 0.624 0.604 0.706 0.66 0.622 0.692 0.772 
0.629 0.508 0.604 0.552 0.584 0.68 0.632 0.596 0.662 0.728 0.744 
###########This is order2####################
0.793 0.84 0.852 0.764 0.824 0.686 
0.747 0.806 0.804 0.726 0.752 0.616 0.778 
0.685 0.756 0.75 0.662 0.656 0.52 0.75 0.704 
0.669 0.75 0.73 0.634 0.632 0.46 0.692 0.7 0.754 
0.639 0.702 0.718 0.63 0.562 0.41 0.642 0.644 0.674 0.768 
0.618 0.68 0.68 0.56 0.548 0.392 0.606 0.598 0.64 0.694 0.78 
###########This is order3####################
0.844 0.866 0.858 0.834 0.858 0.804 
0.767 0.784 0.79 0.772 0.738 0.752 0.766 
0.707 0.752 0.756 0.724 0.704 0.684 0.666 0.666 
0.695 0.732 0.722 0.71 0.67 0.64 0.642 0.604 0.84 
0.669 0.708 0.71 0.678 0.628 0.592 0.624 0.574 0.824 0.68 
0.642 0.678 0.664 0.634 0.604 0.576 0.622 0.544 0.826 0.634 0.642 
###########This is order4####################
0.807 0.826 0.82 0.738 0.798 0.854 
0.763 0.774 0.782 0.678 0.722 0.83 0.794 
0.719 0.746 0.732 0.638 0.654 0.784 0.742 0.736 
0.692 0.714 0.682 0.578 0.648 0.746 0.728 0.7 0.742 
0.659 0.708 0.682 0.518 0.608 0.668 0.728 0.628 0.66 0.728 
0.626 0.64 0.636 0.492 0.596 0.602 0.696 0.58 0.584 0.674 0.76 
