###########This is order0####################
0.8 0.778 0.838 0.682 0.852 0.85 
0.573 0.54 0.58 0.328 0.5 0.592 0.9 
0.502 0.396 0.472 0.268 0.504 0.558 0.368 0.95 
0.446 0.38 0.428 0.186 0.526 0.426 0.332 0.398 0.894 
0.394 0.312 0.416 0.166 0.422 0.42 0.288 0.324 0.316 0.878 
0.353 0.292 0.386 0.152 0.376 0.404 0.306 0.306 0.226 0.164 0.914 
###########This is order1####################
0.811 0.754 0.852 0.776 0.838 0.834 
0.579 0.486 0.432 0.52 0.492 0.622 0.924 
0.489 0.35 0.446 0.34 0.454 0.606 0.334 0.894 
0.456 0.284 0.428 0.382 0.406 0.48 0.386 0.36 0.922 
0.394 0.262 0.38 0.262 0.342 0.504 0.38 0.232 0.262 0.918 
0.359 0.242 0.36 0.21 0.272 0.39 0.326 0.356 0.288 0.204 0.94 
###########This is order2####################
0.793 0.842 0.852 0.762 0.816 0.692 
0.589 0.62 0.652 0.426 0.538 0.392 0.904 
0.505 0.564 0.562 0.466 0.398 0.266 0.342 0.938 
0.464 0.566 0.524 0.342 0.436 0.304 0.3 0.356 0.884 
0.392 0.454 0.474 0.344 0.292 0.252 0.25 0.314 0.226 0.924 
0.353 0.392 0.382 0.258 0.274 0.248 0.26 0.304 0.23 0.23 0.954 
###########This is order3####################
0.842 0.866 0.858 0.834 0.85 0.802 
0.566 0.514 0.616 0.48 0.352 0.478 0.958 
0.494 0.468 0.506 0.406 0.492 0.382 0.36 0.846 
0.476 0.464 0.428 0.516 0.454 0.326 0.366 0.284 0.972 
0.418 0.458 0.408 0.404 0.408 0.28 0.354 0.226 0.348 0.878 
0.393 0.394 0.392 0.4 0.422 0.308 0.292 0.268 0.466 0.16 0.826 
###########This is order4####################
0.81 0.834 0.826 0.734 0.796 0.858 
0.628 0.576 0.608 0.472 0.568 0.594 0.948 
0.495 0.558 0.394 0.33 0.374 0.576 0.294 0.936 
0.43 0.474 0.372 0.278 0.372 0.448 0.332 0.252 0.912 
0.398 0.516 0.338 0.232 0.34 0.394 0.402 0.242 0.228 0.894 
0.349 0.404 0.368 0.214 0.278 0.276 0.39 0.27 0.146 0.22 0.928 
