###########This is order0####################
0.826 0.826 
0.727 0.534 0.92 
0.595 0.39 0.59 0.804 
0.54 0.392 0.542 0.288 0.94 
0.471 0.332 0.424 0.224 0.472 0.904 
0.449 0.36 0.42 0.236 0.39 0.392 0.898 
0.409 0.292 0.364 0.204 0.39 0.406 0.276 0.934 
0.384 0.306 0.318 0.172 0.402 0.302 0.276 0.41 0.888 
0.33 0.232 0.3 0.144 0.34 0.314 0.224 0.282 0.272 0.862 
0.306 0.228 0.296 0.164 0.304 0.318 0.24 0.296 0.204 0.128 0.886 
###########This is order1####################
0.786 0.786 
0.723 0.554 0.892 
0.615 0.426 0.546 0.872 
0.539 0.334 0.488 0.43 0.904 
0.528 0.334 0.528 0.406 0.45 0.92 
0.448 0.32 0.338 0.37 0.308 0.444 0.908 
0.403 0.25 0.372 0.256 0.294 0.448 0.31 0.892 
0.371 0.192 0.348 0.282 0.262 0.352 0.318 0.292 0.92 
0.33 0.158 0.362 0.18 0.228 0.382 0.306 0.232 0.234 0.888 
0.31 0.16 0.31 0.15 0.194 0.31 0.282 0.33 0.248 0.214 0.902 
###########This is order2####################
0.886 0.886 
0.798 0.698 0.898 
0.702 0.622 0.662 0.822 
0.604 0.508 0.568 0.458 0.884 
0.49 0.446 0.54 0.356 0.332 0.776 
0.441 0.41 0.506 0.284 0.334 0.244 0.868 
0.384 0.39 0.428 0.288 0.222 0.156 0.27 0.936 
0.366 0.392 0.41 0.244 0.262 0.194 0.226 0.31 0.894 
0.302 0.312 0.338 0.246 0.142 0.142 0.216 0.25 0.166 0.904 
0.278 0.27 0.286 0.178 0.186 0.148 0.212 0.222 0.172 0.17 0.938 
###########This is order3####################
0.886 0.886 
0.819 0.73 0.908 
0.691 0.616 0.552 0.906 
0.63 0.498 0.544 0.548 0.928 
0.512 0.428 0.402 0.412 0.464 0.856 
0.417 0.372 0.426 0.33 0.21 0.244 0.92 
0.402 0.362 0.378 0.312 0.33 0.258 0.34 0.834 
0.382 0.356 0.314 0.364 0.334 0.204 0.296 0.224 0.966 
0.352 0.336 0.298 0.274 0.316 0.202 0.3 0.218 0.348 0.874 
0.314 0.276 0.31 0.296 0.3 0.222 0.234 0.188 0.384 0.118 0.808 
###########This is order4####################
0.844 0.844 
0.775 0.65 0.9 
0.662 0.602 0.558 0.826 
0.574 0.598 0.542 0.344 0.812 
0.538 0.526 0.49 0.326 0.44 0.91 
0.494 0.438 0.454 0.348 0.404 0.386 0.936 
0.412 0.462 0.298 0.296 0.312 0.348 0.25 0.92 
0.349 0.392 0.274 0.188 0.282 0.266 0.278 0.214 0.9 
0.324 0.402 0.256 0.17 0.222 0.25 0.344 0.194 0.176 0.898 
0.297 0.338 0.28 0.154 0.204 0.182 0.338 0.232 0.118 0.214 0.914 
