###########This is order0####################
0.8 0.778 0.838 0.682 0.852 0.85 
0.63 0.614 0.636 0.396 0.586 0.658 0.892 
0.588 0.492 0.556 0.37 0.614 0.632 0.51 0.944 
0.547 0.5 0.548 0.272 0.65 0.522 0.462 0.51 0.914 
0.473 0.38 0.534 0.228 0.496 0.48 0.378 0.454 0.442 0.866 
0.451 0.388 0.506 0.228 0.474 0.512 0.398 0.4 0.386 0.302 0.912 
###########This is order1####################
0.811 0.754 0.852 0.776 0.838 0.834 
0.646 0.562 0.534 0.592 0.586 0.68 0.92 
0.566 0.42 0.526 0.436 0.52 0.67 0.48 0.908 
0.536 0.394 0.506 0.48 0.49 0.56 0.476 0.468 0.918 
0.484 0.358 0.48 0.374 0.448 0.57 0.492 0.364 0.358 0.91 
0.449 0.348 0.434 0.282 0.378 0.484 0.444 0.444 0.392 0.346 0.936 
###########This is order2####################
0.793 0.842 0.852 0.762 0.816 0.692 
0.643 0.68 0.714 0.522 0.61 0.426 0.908 
0.556 0.64 0.606 0.524 0.42 0.316 0.468 0.92 
0.53 0.632 0.592 0.446 0.512 0.33 0.416 0.428 0.88 
0.474 0.55 0.528 0.442 0.342 0.276 0.396 0.444 0.362 0.928 
0.445 0.53 0.494 0.342 0.38 0.276 0.412 0.398 0.36 0.326 0.936 
###########This is order3####################
0.842 0.866 0.858 0.834 0.85 0.802 
0.636 0.618 0.69 0.588 0.442 0.536 0.944 
0.582 0.554 0.626 0.52 0.6 0.478 0.484 0.81 
0.562 0.536 0.514 0.584 0.572 0.428 0.482 0.42 0.958 
0.511 0.532 0.506 0.478 0.492 0.348 0.45 0.35 0.576 0.868 
0.476 0.46 0.47 0.484 0.478 0.368 0.378 0.36 0.614 0.308 0.836 
###########This is order4####################
0.81 0.834 0.826 0.734 0.796 0.858 
0.684 0.65 0.684 0.56 0.61 0.67 0.93 
0.576 0.634 0.518 0.428 0.456 0.624 0.45 0.92 
0.514 0.578 0.454 0.332 0.466 0.512 0.49 0.386 0.892 
0.491 0.596 0.45 0.312 0.414 0.482 0.532 0.37 0.356 0.906 
0.44 0.484 0.44 0.276 0.372 0.38 0.52 0.372 0.278 0.35 0.932 
